* Note that the vertical ordering of this file's contents is opposite from what you would see in the Spreadsheet window.
3906.250000 10000000.000000 
11718.750000 10000000.000000 
19531.250000 10000000.000000 
27343.750000 10000000.000000 
35156.250000 10000000.000000 
42968.750000 10000000.000000 
50781.250000 10000000.000000 
58593.750000 10000000.000000 
66406.250000 10000000.000000 
74218.750000 10000000.000000 
82031.250000 10000000.000000 
89843.750000 10000000.000000 
97656.250000 10000000.000000 
105468.750000 10000000.000000 
113281.250000 10000000.000000 
121093.750000 10000000.000000 
128906.250000 10000000.000000 
136718.750000 10000000.000000 
144531.250000 10000000.000000 
152343.750000 10000000.000000 
160156.250000 10000000.000000 
167968.750000 10000000.000000 
175781.250000 9999999.000000 
183593.750000 9999991.000000 
191406.250000 9999882.000000 
199218.750000 9998450.000000 
207031.250000 9980933.000000 
214843.750000 9902575.000000 
222656.250000 9763238.000000 
230468.750000 9586931.000000 
238281.250000 9392769.000000 
246093.750000 9192027.000000 
253906.250000 8989848.000000 
261718.750000 8788425.000000 
269531.250000 8588735.000000 
277343.750000 8391319.000000 
285156.250000 8196479.500000 
292968.750000 8004469.000000 
300781.250000 7815432.000000 
308593.750000 7629511.000000 
316406.250000 7446747.000000 
324218.750000 7267222.500000 
332031.250000 7090961.000000 
339843.750000 6917994.000000 
347656.250000 6748303.000000 
355468.750000 6581864.000000 
363281.250000 6418646.000000 
371093.750000 6258628.000000 
378906.250000 6101790.500000 
386718.750000 5948106.500000 
394531.250000 5797553.500000 
402343.750000 5650119.500000 
410156.250000 5505784.500000 
417968.750000 5364512.500000 
425781.250000 5226253.500000 
433593.750000 5090955.000000 
441406.250000 4958572.500000 
449218.750000 4829054.000000 
457031.250000 4702333.000000 
464843.750000 4578310.500000 
472656.250000 4456887.000000 
480468.750000 4337721.500000 
488281.250000 4220556.000000 
496093.750000 4101877.250000 
503906.250000 3963273.500000 
511718.750000 3857985.000000 
519531.250000 3752772.250000 
527343.750000 3651449.750000 
535156.250000 3577538.500000 
542968.750000 3551643.250000 
550781.250000 3549871.250000 
558593.750000 3550552.750000 
566406.250000 3553958.250000 
574218.750000 3558430.000000 
582031.250000 3561648.750000 
589843.750000 3562900.500000 
597656.250000 3565358.000000 
605468.750000 3568124.250000 
613281.250000 3568891.500000 
621093.750000 3568827.750000 
628906.250000 3568302.500000 
636718.750000 3568628.000000 
644531.250000 3570110.500000 
652343.750000 3571406.250000 
660156.250000 3571195.000000 
667968.750000 3569944.250000 
675781.250000 3569413.000000 
683593.750000 3570163.250000 
691406.250000 3575795.250000 
699218.750000 3585168.000000 
707031.250000 3587973.750000 
714843.750000 3588475.250000 
722656.250000 3587961.750000 
730468.750000 3587147.250000 
738281.250000 3566636.000000 
746093.750000 3435459.250000 
753906.250000 3211230.500000 
761718.750000 3014429.750000 
769531.250000 2934675.250000 
777343.750000 2930273.000000 
785156.250000 2931278.500000 
792968.750000 2935783.500000 
800781.250000 2942837.750000 
808593.750000 2948953.500000 
816406.250000 2949695.500000 
824218.750000 2951226.750000 
832031.250000 2954354.250000 
839843.750000 2953921.000000 
847656.250000 2952322.500000 
855468.750000 2952751.500000 
863281.250000 2952293.500000 
871093.750000 2952384.250000 
878906.250000 2951204.250000 
886718.750000 2849170.500000 
894531.250000 2400878.750000 
902343.750000 1467583.000000 
910156.250000 1003977.375000 
917968.750000 1000004.625000 
925781.250000 1000000.000000 
933593.750000 1000000.000000 
941406.250000 1000000.000000 
949218.750000 1000000.000000 
957031.250000 1000000.000000 
964843.750000 1000000.000000 
972656.250000 1000000.000000 
980468.750000 1000000.000000 
988281.250000 1000000.000000 
996093.750000 1000000.000000 
