* Note that the vertical ordering of this file's contents is opposite from what you would see in the Spreadsheet window.
3906.250000 839953900537102647427072.000000 
11718.750000 839953900537102647427072.000000 
19531.250000 839953900537102647427072.000000 
27343.750000 839953900537102647427072.000000 
35156.250000 839953900537102647427072.000000 
42968.750000 839953900537102647427072.000000 
50781.250000 839953900537102647427072.000000 
58593.750000 839953900537102647427072.000000 
66406.250000 839953900537102647427072.000000 
74218.750000 839953900537102647427072.000000 
82031.250000 839953900537102647427072.000000 
89843.750000 839953900537102647427072.000000 
97656.250000 839953900537102647427072.000000 
105468.750000 839953900537102647427072.000000 
113281.250000 839953900537102647427072.000000 
121093.750000 839953900537102647427072.000000 
128906.250000 839953900537102647427072.000000 
136718.750000 839953900537102647427072.000000 
144531.250000 839953900537102647427072.000000 
152343.750000 839953900537102647427072.000000 
160156.250000 839953900537102647427072.000000 
167968.750000 839953900537102647427072.000000 
175781.250000 839953756421914571571200.000000 
183593.750000 839952747615598040580096.000000 
191406.250000 839939489018295061839872.000000 
199218.750000 839764749352753086595072.000000 
207031.250000 837628962265468902572032.000000 
214843.750000 828097544014101984837632.000000 
222656.250000 811224753966962893127680.000000 
230468.750000 790016834947313980932096.000000 
238281.250000 766846787642012291039232.000000 
246093.750000 743101360448317746577408.000000 
253906.250000 719405580936915334463488.000000 
261718.750000 696021450519726960672768.000000 
269531.250000 673062820195332551344128.000000 
277343.750000 650587552211744562610176.000000 
285156.250000 628627279852745644834816.000000 
292968.750000 607201674841508152344576.000000 
300781.250000 586323743573755931131904.000000 
308593.750000 565999142570620958539776.000000 
316406.250000 546227871832103234568192.000000 
324218.750000 527008562263916038586368.000000 
332031.250000 508338403619891891404800.000000 
339843.750000 490211703350101796716544.000000 
347656.250000 472619778514464184205312.000000 
355468.750000 455551964589061440536576.000000 
363281.250000 438997164704411724808192.000000 
371093.750000 422945326826146746073088.000000 
378906.250000 407387119495838592663552.000000 
386718.750000 392311986275960708136960.000000 
394531.250000 377709983218535858438144.000000 
402343.750000 363572607527467568070656.000000 
410156.250000 349890743917110039150592.000000 
417968.750000 336653727863545658343424.000000 
425781.250000 323849669863758167539712.000000 
433593.750000 311466320126761118990336.000000 
441406.250000 299492383624689067491328.000000 
449218.750000 287916799516857191104512.000000 
457031.250000 276726399277955058499584.000000 
464843.750000 265906627273987008233472.000000 
472656.250000 255440405855166051385344.000000 
480468.750000 245301091726096664100864.000000 
488281.250000 235435560425574384009216.000000 
496093.750000 225634466628520520974336.000000 
503906.250000 214185469699014774489088.000000 
511718.750000 205675521886331013693440.000000 
519531.250000 197299961486527988498432.000000 
527343.750000 189340984052256734183424.000000 
535156.250000 183615521817183603654656.000000 
542968.750000 181635343104224325009408.000000 
550781.250000 181490939685772317425664.000000 
558593.750000 181539092172988162768896.000000 
566406.250000 181794212084679446626304.000000 
574218.750000 182132450431093480357888.000000 
582031.250000 182369862189049943425024.000000 
589843.750000 182457105921031364673536.000000 
597656.250000 182630170247511958093824.000000 
605468.750000 182840236148531027509248.000000 
613281.250000 182882389841043215351808.000000 
621093.750000 182868284567010290958336.000000 
628906.250000 182788877098380494372864.000000 
636718.750000 182772754211714507997184.000000 
644531.250000 182834273382624388972544.000000 
652343.750000 182918850983626406887424.000000 
660156.250000 182907591984557980647424.000000 
667968.750000 182851296989215849447424.000000 
675781.250000 182773618902842963132416.000000 
683593.750000 182784283426760576466944.000000 
691406.250000 182934469467134127767552.000000 
699218.750000 182972353747199568379904.000000 
707031.250000 182880047969236982693888.000000 
714843.750000 182832778187548101967872.000000 
722656.250000 182764917948362883334144.000000 
730468.750000 182852251752336851992576.000000 
738281.250000 183035944573938039783424.000000 
746093.750000 182944035112742662701056.000000 
753906.250000 182846721331994441023488.000000 
761718.750000 182880354214011643887616.000000 
769531.250000 182757135728206787117056.000000 
777343.750000 182882371826644705869824.000000 
785156.250000 183025460194005521268736.000000 
792968.750000 182956501076511224233984.000000 
800781.250000 182816529200092549218304.000000 
808593.750000 182842884265111921360896.000000 
816406.250000 182759351499223453401088.000000 
824218.750000 182849693707748505550848.000000 
832031.250000 183051148726280042577920.000000 
839843.750000 182968912997084257320960.000000 
847656.250000 182799757795080221491200.000000 
855468.750000 182828833034274525413376.000000 
863281.250000 182761441169450553311232.000000 
871093.750000 182785922737024939327488.000000 
878906.250000 182767602093740796149760.000000 
886718.750000 172966039922325686583296.000000 
894531.250000 133052401835994909769728.000000 
902343.750000 57234288598413727498240.000000 
910156.250000 25707625285141546401792.000000 
917968.750000 25545912281521740316672.000000 
925781.250000 25545727633937018126336.000000 
933593.750000 25545725382137204441088.000000 
941406.250000 25545725382137204441088.000000 
949218.750000 25545725382137204441088.000000 
957031.250000 25545725382137204441088.000000 
964843.750000 25545725382137204441088.000000 
972656.250000 25545725382137204441088.000000 
980468.750000 25545725382137204441088.000000 
988281.250000 25545725382137204441088.000000 
996093.750000 25545725382137204441088.000000 
