* Note that the vertical ordering of this file's contents is opposite from what you would see in the Spreadsheet window.
3906.250000 100000000.000000 
11718.750000 100000000.000000 
19531.250000 100000000.000000 
27343.750000 100000000.000000 
35156.250000 100000000.000000 
42968.750000 100000000.000000 
50781.250000 100000000.000000 
58593.750000 100000000.000000 
66406.250000 100000000.000000 
74218.750000 100000000.000000 
82031.250000 100000000.000000 
89843.750000 100000000.000000 
97656.250000 100000000.000000 
105468.750000 100000000.000000 
113281.250000 100000000.000000 
121093.750000 100000000.000000 
128906.250000 100000000.000000 
136718.750000 100000000.000000 
144531.250000 100000000.000000 
152343.750000 100000000.000000 
160156.250000 100000000.000000 
167968.750000 100000000.000000 
175781.250000 100000000.000000 
183593.750000 99999952.000000 
191406.250000 99999360.000000 
199218.750000 99991688.000000 
207031.250000 99905560.000000 
214843.750000 99546960.000000 
222656.250000 98885288.000000 
230468.750000 98010136.000000 
238281.250000 97002040.000000 
246093.750000 95932048.000000 
253906.250000 94832656.000000 
261718.750000 93717336.000000 
269531.250000 92600240.000000 
277343.750000 91470552.000000 
285156.250000 90352512.000000 
292968.750000 89216904.000000 
300781.250000 88102880.000000 
308593.750000 86968528.000000 
316406.250000 85857296.000000 
324218.750000 84732504.000000 
332031.250000 83622720.000000 
339843.750000 82509088.000000 
347656.250000 81403896.000000 
355468.750000 80301360.000000 
363281.250000 79203056.000000 
371093.750000 78109344.000000 
378906.250000 77019184.000000 
386718.750000 75933704.000000 
394531.250000 74852576.000000 
402343.750000 73774904.000000 
410156.250000 72701728.000000 
417968.750000 71634424.000000 
425781.250000 70572120.000000 
433593.750000 69512744.000000 
441406.250000 68456592.000000 
449218.750000 67407168.000000 
457031.250000 66359916.000000 
464843.750000 65327216.000000 
472656.250000 64256424.000000 
480468.750000 63324388.000000 
488281.250000 61914856.000000 
496093.750000 61984556.000000 
503906.250000 57946388.000000 
511718.750000 56392908.000000 
519531.250000 55350512.000000 
527343.750000 54437116.000000 
535156.250000 54192328.000000 
542968.750000 54461436.000000 
550781.250000 54226320.000000 
558593.750000 54111260.000000 
566406.250000 53940788.000000 
574218.750000 53802408.000000 
582031.250000 53531692.000000 
589843.750000 53284540.000000 
597656.250000 52847064.000000 
605468.750000 52777264.000000 
613281.250000 52310576.000000 
621093.750000 52054596.000000 
628906.250000 50968860.000000 
636718.750000 49821848.000000 
644531.250000 48357664.000000 
652343.750000 47937568.000000 
660156.250000 48076732.000000 
667968.750000 49190404.000000 
675781.250000 48159988.000000 
683593.750000 46842960.000000 
691406.250000 38863052.000000 
699218.750000 19332132.000000 
707031.250000 10627397.000000 
714843.750000 8266900.500000 
722656.250000 7493610.500000 
730468.750000 11618588.000000 
738281.250000 61303408.000000 
746093.750000 274646528.000000 
753906.250000 524736544.000000 
761718.750000 705633408.000000 
769531.250000 772711744.000000 
777343.750000 777741888.000000 
785156.250000 778385024.000000 
792968.750000 773858816.000000 
800781.250000 766418944.000000 
808593.750000 761503872.000000 
816406.250000 759994240.000000 
824218.750000 759643200.000000 
832031.250000 759104320.000000 
839843.750000 758607232.000000 
847656.250000 758185344.000000 
855468.750000 758126848.000000 
863281.250000 757806272.000000 
871093.750000 757987136.000000 
878906.250000 758797952.000000 
886718.750000 741248448.000000 
894531.250000 672274752.000000 
902343.750000 393602976.000000 
910156.250000 1163767.625000 
917968.750000 1000002.250000 
925781.250000 1000000.000000 
933593.750000 1000000.000000 
941406.250000 1000000.000000 
949218.750000 1000000.000000 
957031.250000 1000000.000000 
964843.750000 1000000.000000 
972656.250000 1000000.000000 
980468.750000 1000000.000000 
988281.250000 1000000.000000 
996093.750000 1000000.000000 
