0.0 -3275397144.34 2456352415.78
0.1 -3275380980.88 2456340294.14
0.2 -3275332490.17 2456303929.01
0.3 -3275251671.25 2456243319.64
0.4 -3275138522.54 2456158464.86
0.5 -3274993041.79 2456049362.98
0.6 -3274815226.14 2455916011.85
0.7 -3274605072.08 2455758408.84
0.8 -3274362575.44 2455576550.84
0.9 -3274087731.45 2455370434.24
1.0 -3273780534.66 2455140054.98
1.1 -3273440979.02 2454885408.51
1.2 -3273069057.79 2454606489.79
1.3 -3272664763.64 2454303293.3
1.4 -3272228088.56 2453975813.04
1.5 -3271759023.9 2453624042.54
1.6 -3271257560.38 2453247974.82
1.7 -3270723688.07 2452847602.44
1.8 -3270157396.38 2452422917.47
1.9 -3269558674.09 2451973911.47
2.0 -3268927509.31 2451500575.55
2.1 -3268263889.52 2451002900.3
2.2 -3267567801.53 2450480875.85
2.3 -3266839231.51 2449934491.81
2.4 -3266078164.98 2449363737.32
2.5 -3265284586.78 2448768601.02
2.6 -3264458481.1 2448149071.06
2.7 -3263599831.5 2447505135.09
2.8 -3262708620.82 2446836780.26
2.9 -3261784831.3 2446143993.24
3.0 -3260828444.46 2445426760.18
3.1 -3259839441.19 2444685066.74
3.2 -3258817801.69 2443918898.08
3.3 -3257763505.49 2443128238.84
3.4 -3256676531.46 2442313073.18
3.5 -3255556857.78 2441473384.72
3.6 -3254404461.94 2440609156.61
3.7 -3253219320.78 2439720371.46
3.8 -3252001410.43 2438807011.37
3.9 -3250750706.34 2437869057.92
4.0 -3249467183.26 2436906492.21
4.1 -3248150815.28 2435919294.77
4.2 -3246801575.75 2434907445.63
4.3 -3245419437.36 2433870924.31
4.4 -3244004372.08 2432809709.79
4.5 -3242556351.17 2431723780.51
4.6 -3241075345.2 2430613114.4
4.7 -3239561324.01 2429477688.85
4.8 -3238014256.73 2428317480.7
4.9 -3236434111.78 2427132466.28
5.0 -3234820856.86 2425922621.35
5.1 -3233174458.92 2424687921.13
5.2 -3231494884.2 2423428340.32
5.3 -3229782098.22 2422143853.03
5.4 -3228036065.73 2420834432.85
5.5 -3226256750.76 2419500052.79
5.6 -3224444116.58 2418140685.32
5.7 -3222598125.73 2416756302.33
5.8 -3220718739.98 2415346875.16
5.9 -3218805920.34 2413912374.57
6.0 -3216859627.07 2412452770.75
6.1 -3214879819.64 2410968033.32
6.2 -3212866456.77 2409458131.3
6.3 -3210819496.38 2407923033.15
6.4 -3208738895.63 2406362706.74
6.5 -3206624610.87 2404777119.33
6.6 -3204476597.67 2403166237.6
6.7 -3202294810.8 2401530027.63
6.8 -3200079204.22 2399868454.9
6.9 -3197829731.08 2398181484.27
7.0 -3195546343.72 2396469080.0
7.1 -3193228993.65 2394731205.72
7.2 -3190877631.57 2392967824.47
7.3 -3188492207.32 2391178898.62
7.4 -3186072669.92 2389364389.94
7.5 -3183618967.54 2387524259.57
7.6 -3181131047.49 2385658467.98
7.7 -3178608856.23 2383766975.04
7.8 -3176052339.35 2381849739.93
7.9 -3173461441.58 2379906721.19
8.0 -3170836106.73 2377937876.71
8.1 -3168176277.77 2375943163.71
8.2 -3165481896.76 2373922538.72
8.3 -3162752904.84 2371875957.62
8.4 -3159989242.27 2369803375.6
8.5 -3157190848.36 2367704747.15
8.6 -3154357661.54 2365580026.08
8.7 -3151489619.25 2363429165.51
8.8 -3148586658.04 2361252117.82
8.9 -3145648713.49 2359048834.71
9.0 -3142675720.21 2356819267.15
9.1 -3139667611.87 2354563365.39
9.2 -3136624321.14 2352281078.93
9.3 -3133545779.72 2349972356.56
9.4 -3130431918.3 2347637146.3
9.5 -3127282666.59 2345275395.44
9.6 -3124097953.28 2342887050.48
9.7 -3120877706.02 2340472057.19
9.8 -3117621851.45 2338030360.54
9.9 -3114330315.15 2335561904.72
10.0 -3111003021.67 2333066633.15
10.1 -3107639894.47 2330544488.43
10.2 -3104240855.95 2327995412.35
10.3 -3100805827.42 2325419345.93
10.4 -3097334729.1 2322816229.31
10.5 -3093827480.1 2320186001.84
10.6 -3090283998.41 2317528602.01
10.7 -3086704200.89 2314843967.47
10.8 -3083088003.25 2312132035.02
10.9 -3079435320.06 2309392740.58
11.0 -3075746064.71 2306626019.21
11.1 -3072020149.4 2303831805.05
11.2 -3068257485.17 2301010031.39
11.3 -3064457981.81 2298160630.59
11.4 -3060621547.93 2295283534.1
11.5 -3056748090.88 2292378672.44
11.6 -3052837516.76 2289445975.2
11.7 -3048889730.44 2286485371.02
11.8 -3044904635.47 2283496787.58
11.9 -3040882134.13 2280480151.6
12.0 -3036822127.4 2277435388.81
12.1 -3032724514.92 2274362423.96
12.2 -3028589195.01 2271261180.77
12.3 -3024416064.61 2268131581.98
12.4 -3020205019.31 2264973549.28
12.5 -3015955953.31 2261787003.33
12.6 -3011668759.4 2258571863.71
12.7 -3007343328.95 2255328048.97
12.8 -3002979551.89 2252055476.56
12.9 -2998577316.69 2248754062.84
13.0 -2994136510.34 2245423723.06
13.1 -2989657018.35 2242064371.35
13.2 -2985138724.69 2238675920.72
13.3 -2980581511.81 2235258282.99
13.4 -2975985260.62 2231811368.86
13.5 -2971349850.44 2228335087.81
13.6 -2966675158.98 2224829348.15
13.7 -2961961062.35 2221294056.97
13.8 -2957207435.03 2217729120.13
13.9 -2952414149.81 2214134442.23
14.0 -2947581077.83 2210509926.64
14.1 -2942708088.51 2206855475.41
14.2 -2937795049.51 2203170989.33
14.3 -2932841826.79 2199456367.84
14.4 -2927848284.49 2195711509.08
14.5 -2922814284.96 2191936309.81
14.6 -2917739688.72 2188130665.43
14.7 -2912624354.43 2184294469.95
14.8 -2907468138.87 2180427615.94
14.9 -2902270896.9 2176529994.59
15.0 -2897032481.47 2172601495.59
15.1 -2891752743.53 2168642007.18
15.2 -2886431532.05 2164651416.08
15.3 -2881068693.97 2160629607.53
15.4 -2875664074.18 2156576465.18
15.5 -2870217515.48 2152491871.15
15.6 -2864728858.55 2148375705.95
15.7 -2859197941.91 2144227848.5
15.8 -2853624601.9 2140048176.06
15.9 -2848008672.66 2135836564.23
16.0 -2842349986.05 2131592886.92
16.1 -2836648371.65 2127317016.34
16.2 -2830903656.73 2123008822.93
16.3 -2825115666.16 2118668175.38
16.4 -2819284222.45 2114294940.56
16.5 -2813409145.65 2109888983.52
16.6 -2807490253.33 2105450167.46
16.7 -2801527360.56 2100978353.68
16.8 -2795520279.81 2096473401.56
16.9 -2789468820.98 2091935168.53
17.0 -2783372791.31 2087363510.03
17.1 -2777231995.36 2082758279.48
17.2 -2771046234.92 2078119328.26
17.3 -2764815309.03 2073446505.64
17.4 -2758539013.89 2068739658.79
17.5 -2752217142.79 2063998632.69
17.6 -2745849486.13 2059223270.15
17.7 -2739435831.29 2054413411.73
17.8 -2732975962.64 2049568895.7
17.9 -2726469661.45 2044689558.04
18.0 -2719916705.84 2039775232.34
18.1 -2713316870.73 2034825749.82
18.2 -2706669927.78 2029840939.23
18.3 -2699975645.34 2024820626.85
18.4 -2693233788.36 2019764636.4
18.5 -2686444118.36 2014672789.04
18.6 -2679606393.34 2009544903.28
18.7 -2672720367.75 2004380794.97
18.8 -2665785792.36 1999180277.21
18.9 -2658802414.26 1993943160.34
19.0 -2651769976.74 1988669251.82
19.1 -2644688219.26 1983358356.28
19.2 -2637556877.31 1978010275.34
19.3 -2630375682.4 1972624807.66
19.4 -2623144361.95 1967201748.81
19.5 -2615862639.2 1961740891.25
19.6 -2608530233.16 1956242024.24
19.7 -2601146858.47 1950704933.8
19.8 -2593712225.38 1945129402.6
19.9 -2586226039.61 1939515209.97
20.0 -2578688002.26 1933862131.75
20.1 -2571097809.74 1928169940.27
20.2 -2563455153.64 1922438404.23
20.3 -2555759720.68 1916667288.7
20.4 -2548011192.54 1910856354.95
20.5 -2540209245.8 1905005360.43
20.6 -2532353551.81 1899114058.68
20.7 -2524443776.58 1893182199.24
20.8 -2516479580.67 1887209527.53
20.9 -2508460619.07 1881195784.82
21.0 -2500386541.06 1875140708.09
21.1 -2492256990.11 1869044029.97
21.2 -2484071603.72 1862905478.59
21.3 -2475830013.3 1856724777.55
21.4 -2467531844.04 1850501645.76
21.5 -2459176714.74 1844235797.33
21.6 -2450764237.69 1837926941.52
21.7 -2442294018.5 1831574782.54
21.8 -2433765655.96 1825179019.52
21.9 -2425178741.84 1818739346.31
22.0 -2416532860.78 1812255451.42
22.1 -2407827590.06 1805727017.82
22.2 -2399062499.47 1799153722.89
22.3 -2390237151.07 1792535238.2
22.4 -2381351099.07 1785871229.43
22.5 -2372403889.58 1779161356.19
22.6 -2363395060.42 1772405271.87
22.7 -2354324140.91 1765602623.5
22.8 -2345190651.66 1758753051.56
22.9 -2335994104.36 1751856189.84
23.0 -2326734001.51 1744911665.25
23.1 -2317409836.19 1737919097.63
23.2 -2308021091.84 1730878099.59
23.3 -2298567241.98 1723788276.31
23.4 -2289047749.94 1716649225.31
23.5 -2279462068.6 1709460536.28
23.6 -2269809640.09 1702221790.85
23.7 -2260089895.48 1694932562.37
23.8 -2250302254.53 1687592415.68
23.9 -2240446125.29 1680200906.87
24.0 -2230520903.84 1672757583.02
24.1 -2220525973.9 1665261981.96
24.2 -2210460706.51 1657713632.01
24.3 -2200324459.63 1650112051.68
24.4 -2190116577.76 1642456749.38
24.5 -2179836391.55 1634747223.14
24.6 -2169483217.41 1626982960.3
24.7 -2159056357.0 1619163437.17
24.8 -2148555096.88 1611288118.69
24.9 -2137978707.97 1603356458.09
25.0 -2127326445.08 1595367896.55
25.1 -2116597546.44 1587321862.76
25.2 -2105791233.12 1579217772.58
25.3 -2094906708.5 1571055028.59
25.4 -2083943157.72 1562833019.7
25.5 -2072899747.04 1554551120.65
25.6 -2061775623.26 1546208691.59
25.7 -2050569913.02 1537805077.55
25.8 -2039281722.15 1529339607.97
25.9 -2027910134.98 1520811596.13
26.0 -2016454213.52 1512220338.61
26.1 -2004912996.78 1503565114.72
26.2 -1993285499.88 1494845185.85
26.3 -1981570713.23 1486059794.88
26.4 -1969767601.64 1477208165.48
26.5 -1957875103.37 1468289501.4
26.6 -1945892129.16 1459302985.77
26.7 -1933817561.2 1450247780.29
26.8 -1921650252.06 1441123024.45
26.9 -1909389023.53 1431927834.68
27.0 -1897032665.45 1422661303.42
27.1 -1884579934.45 1413322498.23
27.2 -1872029552.66 1403910460.76
27.3 -1859380206.25 1394424205.74
27.4 -1846630544.07 1384862719.87
27.5 -1833779176.01 1375224960.66
27.6 -1820824671.44 1365509855.24
27.7 -1807765557.5 1355716299.02
27.8 -1794600317.24 1345843154.39
27.9 -1781327387.75 1335889249.26
28.0 -1767945158.11 1325853375.55
28.1 -1754451967.26 1315734287.55
28.2 -1740846101.75 1305530700.28
28.3 -1727125793.3 1295241287.63
28.4 -1713289216.26 1284864680.47
28.5 -1699334484.91 1274399464.64
28.6 -1685259650.58 1263844178.74
28.7 -1671062698.58 1253197311.87
28.8 -1656741544.94 1242457301.17
28.9 -1642294032.92 1231622529.24
29.0 -1627717929.36 1220691321.33
29.1 -1613010920.64 1209661942.35
29.2 -1598170608.53 1198532593.79
29.3 -1583194505.59 1187301410.21
29.4 -1568080030.4 1175966455.69
29.5 -1552824502.29 1164525719.9
29.6 -1537425135.81 1152977113.92
29.7 -1521879034.7 1141318465.73
29.8 -1506183185.49 1129547515.38
29.9 -1490334450.44 1117661909.79
30.0 -1474329560.17 1105659197.09
30.1 -1458165105.43 1093536820.57
30.2 -1441837528.41 1081292112.07
30.3 -1425343113.19 1068922284.87
30.4 -1408677975.43 1056424425.96
30.5 -1391838051.17 1043795487.6
30.6 -1374819084.61 1031032278.2
30.7 -1357616614.76 1018131452.28
30.8 -1340225960.94 1005089499.61
30.9 -1322642206.8 991902733.229
31.0 -1304860182.87 978567276.333
31.1 -1286874447.33 965079047.887
31.2 -1268679264.88 951433746.748
31.3 -1250268583.33 937626834.148
31.4 -1231636007.8 923653514.309
31.5 -1212774772.05 909508712.942
31.6 -1193677706.55 895187053.336
31.7 -1174337202.96 880682829.691
31.8 -1154745174.37 865989977.298
31.9 -1134893010.66 851102039.093
32.0 -1114771528.37 836012128.021
32.1 -1094370914.0 820712884.542
32.2 -1073680659.82 805196428.491
32.3 -1052689490.88 789454304.333
32.4 -1031385281.67 773477418.645
32.5 -1009754960.5 757255968.44
32.6 -987784399.412 740779358.606
32.7 -965458286.811 724036106.351
32.8 -942759979.177 707013730.03
32.9 -919671327.663 689698619.092
33.0 -896172474.006 672075881.022
