# radius         dens           temp        c12          ne22
258
  4.000000E+05  2.200000E+09  7.000000E+08  5.00000E-01  0.00000E+00
  1.200000E+06  2.198978E+09  6.998334E+08  5.00000E-01  0.00000E+00
  2.000000E+06  2.196937E+09  6.995005E+08  5.00000E-01  0.00000E+00
  2.800000E+06  2.193879E+09  6.990017E+08  5.00000E-01  0.00000E+00
  3.600000E+06  2.189811E+09  6.983376E+08  5.00000E-01  0.00000E+00
  4.400000E+06  2.184738E+09  6.975089E+08  5.00000E-01  0.00000E+00
  5.200000E+06  2.178671E+09  6.965166E+08  5.00000E-01  0.00000E+00
  6.000000E+06  2.171619E+09  6.953618E+08  5.00000E-01  0.00000E+00
  6.800000E+06  2.163595E+09  6.940458E+08  5.00000E-01  0.00000E+00
  7.600000E+06  2.154613E+09  6.925700E+08  5.00000E-01  0.00000E+00
  8.400000E+06  2.144687E+09  6.909360E+08  5.00000E-01  0.00000E+00
  9.200000E+06  2.133835E+09  6.891455E+08  5.00000E-01  0.00000E+00
  1.000000E+07  2.122076E+09  6.872005E+08  5.00000E-01  0.00000E+00
  1.080000E+07  2.109429E+09  6.851030E+08  5.00000E-01  0.00000E+00
  1.160000E+07  2.095914E+09  6.828552E+08  5.00000E-01  0.00000E+00
  1.240000E+07  2.081555E+09  6.804594E+08  5.00000E-01  0.00000E+00
  1.320000E+07  2.066376E+09  6.779181E+08  5.00000E-01  0.00000E+00
  1.400000E+07  2.050400E+09  6.752339E+08  5.00000E-01  0.00000E+00
  1.480000E+07  2.033653E+09  6.724096E+08  5.00000E-01  0.00000E+00
  1.560000E+07  2.016163E+09  6.694478E+08  5.00000E-01  0.00000E+00
  1.640000E+07  1.997956E+09  6.663516E+08  5.00000E-01  0.00000E+00
  1.720000E+07  1.979062E+09  6.631240E+08  5.00000E-01  0.00000E+00
  1.800000E+07  1.959507E+09  6.597682E+08  5.00000E-01  0.00000E+00
  1.880000E+07  1.939324E+09  6.562873E+08  5.00000E-01  0.00000E+00
  1.960000E+07  1.918541E+09  6.526846E+08  5.00000E-01  0.00000E+00
  2.040000E+07  1.897189E+09  6.489636E+08  5.00000E-01  0.00000E+00
  2.120000E+07  1.875300E+09  6.451277E+08  5.00000E-01  0.00000E+00
  2.200000E+07  1.852904E+09  6.411804E+08  5.00000E-01  0.00000E+00
  2.280000E+07  1.830034E+09  6.371253E+08  5.00000E-01  0.00000E+00
  2.360000E+07  1.806719E+09  6.329659E+08  5.00000E-01  0.00000E+00
  2.440000E+07  1.782993E+09  6.287061E+08  5.00000E-01  0.00000E+00
  2.520000E+07  1.758885E+09  6.243493E+08  5.00000E-01  0.00000E+00
  2.600000E+07  1.734426E+09  6.198994E+08  5.00000E-01  0.00000E+00
  2.680000E+07  1.709649E+09  6.153601E+08  5.00000E-01  0.00000E+00
  2.760000E+07  1.684582E+09  6.107352E+08  5.00000E-01  0.00000E+00
  2.840000E+07  1.659258E+09  6.060284E+08  5.00000E-01  0.00000E+00
  2.920000E+07  1.633706E+09  6.012435E+08  5.00000E-01  0.00000E+00
  3.000000E+07  1.607956E+09  5.963842E+08  5.00000E-01  0.00000E+00
  3.080000E+07  1.582038E+09  5.914544E+08  5.00000E-01  0.00000E+00
  3.160000E+07  1.555980E+09  5.864578E+08  5.00000E-01  0.00000E+00
  3.240000E+07  1.529809E+09  5.813982E+08  5.00000E-01  0.00000E+00
  3.320000E+07  1.503553E+09  5.762792E+08  5.00000E-01  0.00000E+00
  3.400000E+07  1.477240E+09  5.711045E+08  5.00000E-01  0.00000E+00
  3.480000E+07  1.450895E+09  5.658779E+08  5.00000E-01  0.00000E+00
  3.560000E+07  1.424543E+09  5.606028E+08  5.00000E-01  0.00000E+00
  3.640000E+07  1.398208E+09  5.552829E+08  5.00000E-01  0.00000E+00
  3.720000E+07  1.371913E+09  5.499218E+08  5.00000E-01  0.00000E+00
  3.800000E+07  1.345680E+09  5.445228E+08  5.00000E-01  0.00000E+00
  3.880000E+07  1.319531E+09  5.390894E+08  5.00000E-01  0.00000E+00
  3.960000E+07  1.293488E+09  5.336249E+08  5.00000E-01  0.00000E+00
  4.040000E+07  1.267570E+09  5.281327E+08  5.00000E-01  0.00000E+00
  4.120000E+07  1.241798E+09  5.226161E+08  5.00000E-01  0.00000E+00
  4.200000E+07  1.216188E+09  5.170781E+08  5.00000E-01  0.00000E+00
  4.280000E+07  1.190759E+09  5.115220E+08  5.00000E-01  0.00000E+00
  4.360000E+07  1.165528E+09  5.059508E+08  5.00000E-01  0.00000E+00
  4.440000E+07  1.140510E+09  5.003674E+08  5.00000E-01  0.00000E+00
  4.520000E+07  1.115720E+09  4.947749E+08  5.00000E-01  0.00000E+00
  4.600000E+07  1.091170E+09  4.891759E+08  5.00000E-01  0.00000E+00
  4.680000E+07  1.066873E+09  4.835732E+08  5.00000E-01  0.00000E+00
  4.760000E+07  1.042842E+09  4.779696E+08  5.00000E-01  0.00000E+00
  4.840000E+07  1.019087E+09  4.723676E+08  5.00000E-01  0.00000E+00
  4.920000E+07  9.956201E+08  4.667698E+08  5.00000E-01  0.00000E+00
  5.000000E+07  9.724499E+08  4.611785E+08  5.00000E-01  0.00000E+00
  5.080000E+07  9.495859E+08  4.555963E+08  5.00000E-01  0.00000E+00
  5.160000E+07  9.270366E+08  4.500252E+08  5.00000E-01  0.00000E+00
  5.240000E+07  9.048091E+08  4.444677E+08  5.00000E-01  0.00000E+00
  5.320000E+07  8.829093E+08  4.389258E+08  5.00000E-01  0.00000E+00
  5.400000E+07  8.613424E+08  4.334015E+08  5.00000E-01  0.00000E+00
  5.480000E+07  8.401133E+08  4.278969E+08  5.00000E-01  0.00000E+00
  5.560000E+07  8.192265E+08  4.224138E+08  5.00000E-01  0.00000E+00
  5.640000E+07  7.986866E+08  4.169540E+08  5.00000E-01  0.00000E+00
  5.720000E+07  7.784968E+08  4.115192E+08  5.00000E-01  0.00000E+00
  5.800000E+07  7.586594E+08  4.061113E+08  5.00000E-01  0.00000E+00
  5.880000E+07  7.391775E+08  4.007316E+08  5.00000E-01  0.00000E+00
  5.960000E+07  7.200524E+08  3.953819E+08  5.00000E-01  0.00000E+00
  6.040000E+07  7.012845E+08  3.900635E+08  5.00000E-01  0.00000E+00
  6.120000E+07  6.828739E+08  3.847777E+08  5.00000E-01  0.00000E+00
  6.200000E+07  6.648202E+08  3.795260E+08  5.00000E-01  0.00000E+00
  6.280000E+07  6.471234E+08  3.743095E+08  5.00000E-01  0.00000E+00
  6.360000E+07  6.297832E+08  3.691293E+08  5.00000E-01  0.00000E+00
  6.440000E+07  6.127980E+08  3.639867E+08  5.00000E-01  0.00000E+00
  6.520000E+07  5.961667E+08  3.588826E+08  5.00000E-01  0.00000E+00
  6.600000E+07  5.798878E+08  3.538180E+08  5.00000E-01  0.00000E+00
  6.680000E+07  5.639587E+08  3.487938E+08  5.00000E-01  0.00000E+00
  6.760000E+07  5.483763E+08  3.438110E+08  5.00000E-01  0.00000E+00
  6.840000E+07  5.331373E+08  3.388702E+08  5.00000E-01  0.00000E+00
  6.920000E+07  5.182387E+08  3.339722E+08  5.00000E-01  0.00000E+00
  7.000000E+07  5.036775E+08  3.291177E+08  5.00000E-01  0.00000E+00
  7.080000E+07  4.894503E+08  3.243073E+08  5.00000E-01  0.00000E+00
  7.160000E+07  4.755531E+08  3.195417E+08  5.00000E-01  0.00000E+00
  7.240000E+07  4.619828E+08  3.148212E+08  5.00000E-01  0.00000E+00
  7.320000E+07  4.487347E+08  3.101465E+08  5.00000E-01  0.00000E+00
  7.400000E+07  4.358041E+08  3.055179E+08  5.00000E-01  0.00000E+00
  7.480000E+07  4.231862E+08  3.009359E+08  5.00000E-01  0.00000E+00
  7.560000E+07  4.108764E+08  2.964007E+08  5.00000E-01  0.00000E+00
  7.640000E+07  3.988706E+08  2.919126E+08  5.00000E-01  0.00000E+00
  7.720000E+07  3.871637E+08  2.874720E+08  5.00000E-01  0.00000E+00
  7.800000E+07  3.757512E+08  2.830789E+08  5.00000E-01  0.00000E+00
  7.880000E+07  3.646285E+08  2.787337E+08  5.00000E-01  0.00000E+00
  7.960000E+07  3.537902E+08  2.744365E+08  5.00000E-01  0.00000E+00
  8.040000E+07  3.432308E+08  2.701873E+08  5.00000E-01  0.00000E+00
  8.120000E+07  3.329451E+08  2.659863E+08  5.00000E-01  0.00000E+00
  8.200000E+07  3.229280E+08  2.618334E+08  5.00000E-01  0.00000E+00
  8.280000E+07  3.131749E+08  2.577287E+08  5.00000E-01  0.00000E+00
  8.360000E+07  3.036801E+08  2.536721E+08  5.00000E-01  0.00000E+00
  8.440000E+07  2.944392E+08  2.496637E+08  5.00000E-01  0.00000E+00
  8.520000E+07  2.854469E+08  2.457033E+08  5.00000E-01  0.00000E+00
  8.600000E+07  2.766977E+08  2.417908E+08  5.00000E-01  0.00000E+00
  8.680000E+07  2.681862E+08  2.379262E+08  5.00000E-01  0.00000E+00
  8.760000E+07  2.599073E+08  2.341092E+08  5.00000E-01  0.00000E+00
  8.840000E+07  2.518561E+08  2.303397E+08  5.00000E-01  0.00000E+00
  8.920000E+07  2.440277E+08  2.266174E+08  5.00000E-01  0.00000E+00
  9.000000E+07  2.364171E+08  2.229423E+08  5.00000E-01  0.00000E+00
  9.080000E+07  2.290197E+08  2.193140E+08  5.00000E-01  0.00000E+00
  9.160000E+07  2.218303E+08  2.157323E+08  5.00000E-01  0.00000E+00
  9.240000E+07  2.148438E+08  2.121970E+08  5.00000E-01  0.00000E+00
  9.320000E+07  2.080552E+08  2.087078E+08  5.00000E-01  0.00000E+00
  9.400000E+07  2.014601E+08  2.052643E+08  5.00000E-01  0.00000E+00
  9.480000E+07  1.950538E+08  2.018662E+08  5.00000E-01  0.00000E+00
  9.560000E+07  1.888318E+08  1.985133E+08  5.00000E-01  0.00000E+00
  9.640000E+07  1.827897E+08  1.952051E+08  5.00000E-01  0.00000E+00
  9.720000E+07  1.769230E+08  1.919414E+08  5.00000E-01  0.00000E+00
  9.800000E+07  1.712270E+08  1.887218E+08  5.00000E-01  0.00000E+00
  9.880000E+07  1.656973E+08  1.855460E+08  5.00000E-01  0.00000E+00
  9.960000E+07  1.603297E+08  1.824134E+08  5.00000E-01  0.00000E+00
  1.004000E+08  1.551202E+08  1.793238E+08  5.00000E-01  0.00000E+00
  1.012000E+08  1.500647E+08  1.762768E+08  5.00000E-01  0.00000E+00
  1.020000E+08  1.451594E+08  1.732719E+08  5.00000E-01  0.00000E+00
  1.028000E+08  1.404001E+08  1.703088E+08  5.00000E-01  0.00000E+00
  1.036000E+08  1.357829E+08  1.673871E+08  5.00000E-01  0.00000E+00
  1.044000E+08  1.313038E+08  1.645063E+08  5.00000E-01  0.00000E+00
  1.052000E+08  1.269593E+08  1.616660E+08  5.00000E-01  0.00000E+00
  1.060000E+08  1.227458E+08  1.588657E+08  5.00000E-01  0.00000E+00
  1.068000E+08  1.186597E+08  1.561051E+08  5.00000E-01  0.00000E+00
  1.076000E+08  1.146977E+08  1.533838E+08  5.00000E-01  0.00000E+00
  1.084000E+08  1.108563E+08  1.507012E+08  5.00000E-01  0.00000E+00
  1.092000E+08  1.071320E+08  1.480569E+08  5.00000E-01  0.00000E+00
  1.100000E+08  1.035215E+08  1.454506E+08  5.00000E-01  0.00000E+00
  1.108000E+08  1.000217E+08  1.428817E+08  5.00000E-01  0.00000E+00
  1.116000E+08  9.662962E+07  1.403498E+08  5.00000E-01  0.00000E+00
  1.124000E+08  9.334220E+07  1.378544E+08  5.00000E-01  0.00000E+00
  1.132000E+08  9.015657E+07  1.353952E+08  5.00000E-01  0.00000E+00
  1.140000E+08  8.706972E+07  1.329717E+08  5.00000E-01  0.00000E+00
  1.148000E+08  8.407870E+07  1.305834E+08  5.00000E-01  0.00000E+00
  1.156000E+08  8.118079E+07  1.282299E+08  5.00000E-01  0.00000E+00
  1.164000E+08  7.837344E+07  1.259108E+08  5.00000E-01  0.00000E+00
  1.172000E+08  7.565397E+07  1.236255E+08  5.00000E-01  0.00000E+00
  1.180000E+08  7.301999E+07  1.213737E+08  5.00000E-01  0.00000E+00
  1.188000E+08  7.046895E+07  1.191549E+08  5.00000E-01  0.00000E+00
  1.196000E+08  6.799833E+07  1.169687E+08  5.00000E-01  0.00000E+00
  1.204000E+08  6.560572E+07  1.148147E+08  5.00000E-01  0.00000E+00
  1.212000E+08  6.328892E+07  1.126924E+08  5.00000E-01  0.00000E+00
  1.220000E+08  6.104570E+07  1.106013E+08  5.00000E-01  0.00000E+00
  1.228000E+08  5.887395E+07  1.085411E+08  5.00000E-01  0.00000E+00
  1.236000E+08  5.677159E+07  1.065113E+08  5.00000E-01  0.00000E+00
  1.244000E+08  5.473647E+07  1.045116E+08  5.00000E-01  0.00000E+00
  1.252000E+08  5.276652E+07  1.025414E+08  5.00000E-01  0.00000E+00
  1.260000E+08  5.085982E+07  1.006003E+08  5.00000E-01  0.00000E+00
  1.268000E+08  4.901454E+07  9.868804E+07  5.00000E-01  0.00000E+00
  1.276000E+08  4.722551E+07  9.868804E+07  5.00000E-01  0.00000E+00
  1.284000E+08  4.549465E+07  9.868804E+07  5.00000E-01  0.00000E+00
  1.292000E+08  4.382015E+07  9.868804E+07  5.00000E-01  0.00000E+00
  1.300000E+08  4.220024E+07  9.868804E+07  5.00000E-01  0.00000E+00
  1.308000E+08  4.063326E+07  9.868804E+07  5.00000E-01  0.00000E+00
  1.316000E+08  3.911765E+07  9.868804E+07  5.00000E-01  0.00000E+00
  1.324000E+08  3.765185E+07  9.868804E+07  5.00000E-01  0.00000E+00
  1.332000E+08  3.623438E+07  9.868804E+07  5.00000E-01  0.00000E+00
  1.340000E+08  3.486373E+07  9.868804E+07  5.00000E-01  0.00000E+00
  1.348000E+08  3.353842E+07  9.868804E+07  5.00000E-01  0.00000E+00
  1.356000E+08  3.225703E+07  9.868804E+07  5.00000E-01  0.00000E+00
  1.364000E+08  3.101828E+07  9.868804E+07  5.00000E-01  0.00000E+00
  1.372000E+08  2.982083E+07  9.868804E+07  5.00000E-01  0.00000E+00
  1.380000E+08  2.866347E+07  9.868804E+07  5.00000E-01  0.00000E+00
  1.388000E+08  2.754492E+07  9.868804E+07  5.00000E-01  0.00000E+00
  1.396000E+08  2.646393E+07  9.868804E+07  5.00000E-01  0.00000E+00
  1.404000E+08  2.541934E+07  9.868804E+07  5.00000E-01  0.00000E+00
  1.412000E+08  2.441006E+07  9.868804E+07  5.00000E-01  0.00000E+00
  1.420000E+08  2.343500E+07  9.868804E+07  5.00000E-01  0.00000E+00
  1.428000E+08  2.249311E+07  9.868804E+07  5.00000E-01  0.00000E+00
  1.436000E+08  2.158333E+07  9.868804E+07  5.00000E-01  0.00000E+00
  1.444000E+08  2.070462E+07  9.868804E+07  5.00000E-01  0.00000E+00
  1.452000E+08  1.985604E+07  9.868804E+07  5.00000E-01  0.00000E+00
  1.460000E+08  1.903666E+07  9.868804E+07  5.00000E-01  0.00000E+00
  1.468000E+08  1.824558E+07  9.868804E+07  5.00000E-01  0.00000E+00
  1.476000E+08  1.748192E+07  9.868804E+07  5.00000E-01  0.00000E+00
  1.484000E+08  1.674477E+07  9.868804E+07  5.00000E-01  0.00000E+00
  1.492000E+08  1.603330E+07  9.868804E+07  5.00000E-01  0.00000E+00
  1.500000E+08  1.534674E+07  9.868804E+07  5.00000E-01  0.00000E+00
  1.508000E+08  1.468430E+07  9.868804E+07  5.00000E-01  0.00000E+00
  1.516000E+08  1.404523E+07  9.868804E+07  5.00000E-01  0.00000E+00
  1.524000E+08  1.342877E+07  9.868804E+07  5.00000E-01  0.00000E+00
  1.532000E+08  1.283420E+07  9.868804E+07  5.00000E-01  0.00000E+00
  1.540000E+08  1.226085E+07  9.868804E+07  5.00000E-01  0.00000E+00
  1.548000E+08  1.170805E+07  9.868804E+07  5.00000E-01  0.00000E+00
  1.556000E+08  1.117516E+07  9.868804E+07  5.00000E-01  0.00000E+00
  1.564000E+08  1.066153E+07  9.868804E+07  5.00000E-01  0.00000E+00
  1.572000E+08  1.016655E+07  9.868804E+07  5.00000E-01  0.00000E+00
  1.580000E+08  9.689638E+06  9.868804E+07  5.00000E-01  0.00000E+00
  1.588000E+08  9.230228E+06  9.868804E+07  5.00000E-01  0.00000E+00
  1.596000E+08  8.787773E+06  9.868804E+07  5.00000E-01  0.00000E+00
  1.604000E+08  8.361712E+06  9.868804E+07  5.00000E-01  0.00000E+00
  1.612000E+08  7.951528E+06  9.868804E+07  5.00000E-01  0.00000E+00
  1.620000E+08  7.556726E+06  9.868804E+07  5.00000E-01  0.00000E+00
  1.628000E+08  7.176831E+06  9.868804E+07  5.00000E-01  0.00000E+00
  1.636000E+08  6.811358E+06  9.868804E+07  5.00000E-01  0.00000E+00
  1.644000E+08  6.459837E+06  9.868804E+07  5.00000E-01  0.00000E+00
  1.652000E+08  6.121837E+06  9.868804E+07  5.00000E-01  0.00000E+00
  1.660000E+08  5.796935E+06  9.868804E+07  5.00000E-01  0.00000E+00
  1.668000E+08  5.484718E+06  9.868804E+07  5.00000E-01  0.00000E+00
  1.676000E+08  5.184766E+06  9.868804E+07  5.00000E-01  0.00000E+00
  1.684000E+08  4.896699E+06  9.868804E+07  5.00000E-01  0.00000E+00
  1.692000E+08  4.620147E+06  9.868804E+07  5.00000E-01  0.00000E+00
  1.700000E+08  4.354747E+06  9.868804E+07  5.00000E-01  0.00000E+00
  1.708000E+08  4.100133E+06  9.868804E+07  5.00000E-01  0.00000E+00
  1.716000E+08  3.855972E+06  9.868804E+07  5.00000E-01  0.00000E+00
  1.724000E+08  3.621940E+06  9.868804E+07  5.00000E-01  0.00000E+00
  1.732000E+08  3.397716E+06  9.868804E+07  5.00000E-01  0.00000E+00
  1.740000E+08  3.182984E+06  9.868804E+07  5.00000E-01  0.00000E+00
  1.748000E+08  2.977454E+06  9.868804E+07  5.00000E-01  0.00000E+00
  1.756000E+08  2.780843E+06  9.868804E+07  5.00000E-01  0.00000E+00
  1.764000E+08  2.592865E+06  9.868804E+07  5.00000E-01  0.00000E+00
  1.772000E+08  2.413254E+06  9.868804E+07  5.00000E-01  0.00000E+00
  1.780000E+08  2.241759E+06  9.868804E+07  5.00000E-01  0.00000E+00
  1.788000E+08  2.078125E+06  9.868804E+07  5.00000E-01  0.00000E+00
  1.796000E+08  1.922112E+06  9.868804E+07  5.00000E-01  0.00000E+00
  1.804000E+08  1.773495E+06  9.868804E+07  5.00000E-01  0.00000E+00
  1.812000E+08  1.632047E+06  9.868804E+07  5.00000E-01  0.00000E+00
  1.820000E+08  1.497557E+06  9.868804E+07  5.00000E-01  0.00000E+00
  1.828000E+08  1.369825E+06  9.868804E+07  5.00000E-01  0.00000E+00
  1.836000E+08  1.248650E+06  9.868804E+07  5.00000E-01  0.00000E+00
  1.844000E+08  1.133850E+06  9.868804E+07  5.00000E-01  0.00000E+00
  1.852000E+08  1.025248E+06  9.868804E+07  5.00000E-01  0.00000E+00
  1.860000E+08  9.226730E+05  9.868804E+07  5.00000E-01  0.00000E+00
  1.868000E+08  8.259711E+05  9.868804E+07  5.00000E-01  0.00000E+00
  1.876000E+08  7.349901E+05  9.868804E+07  5.00000E-01  0.00000E+00
  1.884000E+08  6.495960E+05  9.868804E+07  5.00000E-01  0.00000E+00
  1.892000E+08  5.696603E+05  9.868804E+07  5.00000E-01  0.00000E+00
  1.900000E+08  4.950710E+05  9.868804E+07  5.00000E-01  0.00000E+00
  1.908000E+08  4.257297E+05  9.868804E+07  5.00000E-01  0.00000E+00
  1.916000E+08  3.615535E+05  9.868804E+07  5.00000E-01  0.00000E+00
  1.924000E+08  3.024833E+05  9.868804E+07  5.00000E-01  0.00000E+00
  1.932000E+08  2.484851E+05  9.868804E+07  5.00000E-01  0.00000E+00
  1.940000E+08  1.995595E+05  9.868804E+07  5.00000E-01  0.00000E+00
  1.948000E+08  1.557559E+05  9.868804E+07  5.00000E-01  0.00000E+00
  1.956000E+08  1.171896E+05  9.868804E+07  5.00000E-01  0.00000E+00
  1.964000E+08  8.406183E+04  9.868804E+07  5.00000E-01  0.00000E+00
  1.972000E+08  5.666015E+04  9.868804E+07  5.00000E-01  0.00000E+00
  1.980000E+08  3.529158E+04  9.868804E+07  5.00000E-01  0.00000E+00
  1.988000E+08  2.003944E+04  9.868804E+07  5.00000E-01  0.00000E+00
  1.996000E+08  1.037087E+04  9.868804E+07  5.00000E-01  0.00000E+00
  2.004000E+08  5.396564E+03  8.782687E+07  5.00000E-01  0.00000E+00
  2.012000E+08  2.469001E+03  7.719043E+07  5.00000E-01  0.00000E+00
  2.020000E+08  9.623018E+02  6.693392E+07  5.00000E-01  0.00000E+00
  2.028000E+08  3.057688E+02  5.721858E+07  5.00000E-01  0.00000E+00
  2.036000E+08  7.410827E+01  4.821817E+07  5.00000E-01  0.00000E+00
  2.044000E+08  1.252709E+01  4.017987E+07  5.00000E-01  0.00000E+00
  2.052000E+08  1.594234E+00  3.367233E+07  5.00000E-01  0.00000E+00
  2.060000E+08  3.312779E-01  2.979300E+07  5.00000E-01  0.00000E+00
