* Note that the vertical ordering of this file's contents is opposite from what you would see in the Spreadsheet window.
3906.250000 -0.000000 
11718.750000 0.000000 
19531.250000 0.000002 
27343.750000 0.000000 
35156.250000 0.000001 
42968.750000 -0.000001 
50781.250000 -0.000004 
58593.750000 -0.000000 
66406.250000 0.000003 
74218.750000 -0.000002 
82031.250000 -0.000004 
89843.750000 0.000003 
97656.250000 0.000004 
105468.750000 0.000001 
113281.250000 0.000001 
121093.750000 0.000003 
128906.250000 0.000007 
136718.750000 0.000060 
144531.250000 0.000837 
152343.750000 0.010963 
160156.250000 0.142534 
167968.750000 1.855108 
175781.250000 24.177675 
183593.750000 315.722595 
191406.250000 4119.773438 
199218.750000 54152.445312 
207031.250000 666354.562500 
214843.750000 3414808.500000 
222656.250000 8346222.500000 
230468.750000 14666920.000000 
238281.250000 21735530.000000 
246093.750000 29166092.000000 
253906.250000 36780404.000000 
261718.750000 44501796.000000 
269531.250000 52295436.000000 
277343.750000 60142052.000000 
285156.250000 68029456.000000 
292968.750000 75948416.000000 
300781.250000 83891368.000000 
308593.750000 91852512.000000 
316406.250000 99827672.000000 
324218.750000 107812872.000000 
332031.250000 115804424.000000 
339843.750000 123799528.000000 
347656.250000 131796424.000000 
355468.750000 139794192.000000 
363281.250000 147792096.000000 
371093.750000 155788880.000000 
378906.250000 163782960.000000 
386718.750000 171773216.000000 
394531.250000 179758176.000000 
402343.750000 187735712.000000 
410156.250000 195703920.000000 
417968.750000 203661744.000000 
425781.250000 211608832.000000 
433593.750000 219545200.000000 
441406.250000 227470464.000000 
449218.750000 235384256.000000 
457031.250000 243287808.000000 
464843.750000 251183776.000000 
472656.250000 259077488.000000 
480468.750000 266982672.000000 
488281.250000 274936704.000000 
496093.750000 283118080.000000 
503906.250000 293013024.000000 
511718.750000 300665920.000000 
519531.250000 308471104.000000 
527343.750000 316145536.000000 
535156.250000 321835168.000000 
542968.750000 323840512.000000 
550781.250000 323986880.000000 
558593.750000 323938336.000000 
566406.250000 323679840.000000 
574218.750000 323336768.000000 
582031.250000 323095520.000000 
589843.750000 323007584.000000 
597656.250000 322832864.000000 
605468.750000 322620000.000000 
613281.250000 322576864.000000 
621093.750000 322590368.000000 
628906.250000 322669728.000000 
636718.750000 322684640.000000 
644531.250000 322622688.000000 
652343.750000 322536928.000000 
660156.250000 322548160.000000 
667968.750000 322604480.000000 
675781.250000 322682880.000000 
683593.750000 322672096.000000 
691406.250000 322518048.000000 
699218.750000 322480736.000000 
707031.250000 322572704.000000 
714843.750000 322614304.000000 
722656.250000 322684736.000000 
730468.750000 322598208.000000 
738281.250000 322412896.000000 
746093.750000 322524896.000000 
753906.250000 322620576.000000 
761718.750000 322587360.000000 
769531.250000 322713184.000000 
777343.750000 322577568.000000 
785156.250000 322397952.000000 
792968.750000 322477824.000000 
800781.250000 322630016.000000 
808593.750000 322600224.000000 
816406.250000 322688256.000000 
824218.750000 322588352.000000 
832031.250000 322361312.000000 
839843.750000 322451680.000000 
847656.250000 322638720.000000 
855468.750000 322597312.000000 
863281.250000 322664064.000000 
871093.750000 322613504.000000 
878906.250000 321936448.000000 
886718.750000 311133984.000000 
894531.250000 260147312.000000 
902343.750000 112096224.000000 
910156.250000 808393.375000 
917968.750000 923.708740 
925781.250000 1.188216 
933593.750000 0.001497 
941406.250000 0.000001 
949218.750000 -0.000001 
957031.250000 0.000000 
964843.750000 0.000000 
972656.250000 -0.000000 
980468.750000 0.000000 
988281.250000 -0.000001 
996093.750000 -0.000001 
